#type b h tw tf r1 r2 hw f g
"IPN80" : [ 42, 80, 3.9, 5.9, 3.9, 2.3, 59, 32.885, 4.40784 ]
"IPN100" : [ 50, 100, 4.5, 6.8, 4.5, 2.7, 75.7, 41.7632, 5.04782 ]
"IPN120" : [ 58, 120, 5.1, 7.7, 5.1, 3.1, 92.4, 50.6408, 5.68677 ]
"IPN140" : [ 66, 140, 5.7, 8.6, 5.7, 3.4, 109.1, 59.5181, 6.32512 ]
"IPN160" : [ 74, 160, 6.3, 9.5, 6.3, 3.8, 125.8, 68.395, 6.96307 ]
"IPN180" : [ 82, 180, 6.9, 10.4, 6.9, 4.1, 142.4, 77.195, 7.5084 ]
"IPN200" : [ 90, 200, 7.5, 11.3, 7.5, 4.5, 159.1, 86.0722, 8.1466 ]
"IPN220" : [ 98, 220, 8.1, 12.2, 8.1, 4.9, 175.8, 94.9491, 8.78454 ]
"IPN240" : [ 106, 240, 8.7, 13.1, 8.7, 5.2, 192.5, 103.826, 9.42228 ]
"IPN260" : [ 113, 260, 9.4, 14.1, 9.4, 5.6, 208.9, 112.638, 10.1865 ]
"IPN280" : [ 119, 280, 10.1, 15.2, 10.1, 6.1, 225.1, 121.33, 11.0211 ]
"IPN300" : [ 125, 300, 10.8, 16.2, 10.8, 6.5, 241.6, 130.2, 11.8483 ]
"IPN320" : [ 131, 320, 11.5, 17.3, 11.5, 6.9, 257.9, 138.971, 12.7766 ]
"IPN340" : [ 137, 340, 12.2, 18.3, 12.2, 7.3, 274.3, 147.762, 13.5088 ]
"IPN360" : [ 143, 360, 13, 19.5, 13, 7.8, 290, 156.246, 14.3009 ]
"IPN380" : [ 149, 380, 13.7, 20.5, 13.7, 8.2, 306.7, 165.279, 15.3283 ]
"IPN400" : [ 155, 400, 14.4, 21.6, 14.4, 8.6, 322.9, 173.969, 16.1577 ]
"IPN450" : [ 170, 450, 16.2, 24.3, 16.2, 9.7, 363.6, 195.894, 18.3625 ]
"IPN500" : [ 185, 500, 18, 27, 18, 10, 404.38, 217.889, 20.6539 ]
"IPN550" : [ 200, 550, 19, 30, 19, 11, 445.69, 239.398, 23.0835 ]
"IPN600" : [ 215, 600, 21.6, 32.4, 21.6, 13, 485.8, 261.763, 25.0954 ]
